500 0.0152850151062
1000 0.0559098720551
1500 0.14279294014
2000 0.229297876358
2500 0.348868131638
3000 0.483911037445
3500 0.744044065475
4000 0.920933961868
4500 1.17857193947
5000 1.54212808609
5500 1.80033588409
6000 2.14712882042
6500 2.60334396362
7000 2.81448602676
7500 3.2354722023
8000 3.65277099609
8500 4.09992694855
9000 4.61440491676
9500 5.06560707092
10000 5.70001101494
10500 6.38173913956
11000 7.25186610222
11500 7.63565778732
12000 8.45091199875
12500 9.14639210701
13000 10.007972002
13500 11.0879769325
14000 11.407148838
14500 11.7964100838
15000 12.5744829178
15500 13.9685959816
500 0.013603
1000 0.053536
1500 0.120019
500 0.013331
1000 0.05489
1500 0.122243
2000 0.217981
2500 0.345377
3000 0.519112
3500 0.662548
4000 0.854436
4500 1.203213
5000 1.516675
5500 1.622454
500 0.017917
1000 0.063791
1500 0.135006
2500 0.426309
3000 0.598571
3500 0.719925
4000 1.054861
4500 1.198567
5000 1.677268
5500 1.937631
6000 2.451517
6500 2.791279
7000 2.973531
7500 3.514856
8000 3.880904
8500 4.449076
9000 5.29273
9500 5.754841
10000 6.01373
10500 6.55083
11000 7.173454
11500 7.805905
12000 8.4835
12500 9.296852
13000 9.956153
13500 10.691859
14000 11.536254
14500 12.426088
15000 13.39622
15500 14.272415
