501 0.0187160968781
1002 0.0614840984344
1503 0.147537946701
2004 0.273793935776
2505 0.431941986084
3006 0.619549036026
3507 0.77472782135
4008 1.00827980042
4509 1.32000088692
5010 1.56847810745
5511 1.89413881302
6012 2.33154201508
6513 2.56300616264
7014 2.87115097046
7515 3.36720108986
8016 3.75864505768
8517 4.21826505661
9018 4.72489881516
9519 5.3191947937
10020 5.91430020332
10521 6.5023651123
11022 7.0070540905
11523 8.66588497162
12024 9.42444300652
12525 9.98744702339
13026 10.5392301083
13527 10.9802069664
14028 11.5010859966
14529 12.3046958447
15030 13.7610981464