500 0.0131161212921
1000 0.0610620975494
1500 0.123976945877
2000 0.213460206985
2500 0.344665050507
3000 0.484683990479
3500 0.682299852371
4000 0.897181987762
4500 1.13975691795
5000 1.41581916809
5500 1.69550299644
6000 2.01696300507
6500 2.41501402855
7000 2.73603081703
7500 3.23806405067
8000 3.63963413239
8500 4.08521318436
9000 4.57024979591
9500 5.10900497437
10000 5.76967310905
10500 6.30527687073
11000 7.01345705986
11500 7.72886896133
12000 8.28121399879
12500 8.94656014442
13000 9.84650301933
13500 10.6536958218
14000 11.4763920307
14500 12.0221600533
15000 12.9989750385
15500 14.9442760944