500 0.0292410850525
1000 0.115258932114
1500 0.263882160187
2000 0.470061063766
2500 0.724956035614
3000 1.06686997414
3500 1.4114048481
4000 1.83867406845
4500 2.45071315765
5000 3.26598501205
5500 3.62313008308
6000 4.20150995255
6500 4.93061494827
7000 6.00754499435
7500 7.0270960331
8000 7.96802186966
8500 9.21835184097
9000 10.4846680164
9500 11.3643419743
10000 12.3567409515
10500 14.1613540649
11000 15.5577840805
11500 17.0290188789
12000 17.9267880917
12500 19.3086678982
13000 21.1400401592
13500 23.5246770382
14000 24.4105529785
14500 26.1895580292
15000 29.2630698681
15500 29.803235054