500 0.0293989181519
1000 0.123818874359
1500 0.284276008606
2000 0.50489616394
2500 0.834337949753
3000 1.21778893471
3500 1.61890292168
4000 2.01634407043
4500 2.59012413025
5000 3.12447595596
5500 3.76652503014
6000 4.52355313301
6500 5.26266503334
7000 6.24857115746
7500 7.15093588829
8000 7.87104797363
8500 9.01864695549
9000 10.0311570168
9500 11.4441568851
10000 12.3635811806
10500 14.1780929565
11000 15.0022711754
11500 16.3026001453
12000 17.6555688381
12500 19.583425045
13000 21.0965912342
13500 22.7941319942
14000 24.1922879219
14500 26.6289329529
15000 28.3502500057
15500 30.3616268635